SM:2022-08-09T16:51:19.7432521Z
LM:2022-08-09T16:51:19.8224715Z
CT:image/png
MA:2592000
CL:75557
