SM:2022-08-09T16:51:35.6911579Z
LM:2022-08-09T16:51:35.7694455Z
CT:image/png
MA:2592000
CL:75557
