SM:2022-08-09T16:48:44.4306983Z
LM:2022-08-09T16:48:44.8440791Z
CT:image/png
MA:2592000
CL:75557
