SM:2022-08-09T14:37:33.6935873Z
LM:2022-08-09T17:48:22.7443183Z
CT:image/jpeg
MA:2592000
CL:900946
