SM:2022-08-09T14:37:33.7035617Z
LM:2022-08-09T16:46:51.7690681Z
CT:image/jpeg
MA:2592000
CL:19609
