SM:2022-08-09T14:37:33.7035617Z
LM:2022-08-09T14:37:40.7759745Z
CT:image/jpeg
MA:2592000
CL:412650
